BtoDBGLVar:
    # from 1606.08030
    ChiT: 5.131e-4  # p.6, eq.2.11
    ChiL: 6.332e-3  # p.5, eq.2.9
    BcStatesp: [6.329,6.920,7.020]   # Tab.1, 1-. pole at 7.280 omitted for it's above BD thresh
    BcStates0: [6.716,7.121]         # Tab.1, 0+
    ap: [0.01566,-0.0342,-0.090,0.]  # Tab.4, N=2. The last element is set to 0 b.c. HAMMER hard-coded a N=3 scheme,
    a0: [0.07935,-0.205,-0.23,0.]    #   so we need to kill N=3 terms with a coefficient of 0
    # Note: this matrix isn't actually set here, apa0matrix will be None; instead, either
    # shifted parameters or transformation matrix gets printed out
    apa0matrix: gen_param_shifted_BtoDBGL(_process, _model, _corr, _err, _add_params, ap, a0)
    # apa0matrix: gen_param_var(_process, _model, _corr, _err, _param_names, _add_params)
    # temp vars
    _process: BtoD
    _model: BGL
    #_model: BGLVar
    _corr: # this is how you define a 2D array in YAML
        - [1,0.304,-0.294,0.212,0.161]
        - [0.304,1,-0.422,0.747,0.190]
        - [-0.294,-0.422,1,-0.034,0.148]
        - [0.212,0.747,-0.034,1,-0.210]
        - [0.161,0.190,0.148,-0.210,1]
    _err: [0.00011,0.0031,0.022,0.014,0.10]
    _param_names: ['ap0', 'ap1', 'ap2', 'a01', 'a02']  # Tab.5
    _add_params:
        a00: [4.99,0.32,0.021,-0.065,-0.004]  # a00 constrained in caption of Tab.5

BtoDstarBGLVar:
    # from hep-ph/9705252, u = 0.33 (HAMMER's default)
    # Vcb: 41.5e-3
    # Chim: 3.068e-4
    # Chip: 5.280e-4
    # ChimL: 2.466e-3
    # BcStatesf: [6.730,6.736,7.135,7.142]  # GeV
    # BcStatesg: [6.337,6.899,7.012,7.280]
    # BcStatesP1: [6.275,6.842,7.250]
    # from 2105.14019- Tab. 12, 10, 9
    Vcb: 38.4e-3
    Chim: 3.894e-4
    Chip: 5.131e-4
    ChimL: 1.9421e-2
    BcStatesf: [6.739, 6.750, 7.145, 7.150] # GeV
    BcStatesg: [6.329, 6.920, 7.020]
    BcStatesP1: [6.275, 6.842, 7.250]
    # Tab. 12, from 2105.14019, v3, second to last column
    avec: "[_eta_ew * Vcb * i for i in [0.0321,-0.147,-0.63]]"
    bvec: "[_eta_ew * Vcb * i for i in [0.01249,0.0021,0.07]]"
    # note this vector in HAMMER is [c1, c2] instead of [c0, c1]
    # Alex: update- we'll provide [c1,c2,c3], [d0,d1,d2] to HAMMER (this is the output of the paper
    # fit, after all)
    cvec: "[_eta_ew * Vcb * i for i in [0.00062,0.060,-0.94]]"
    dvec: "[_eta_ew * Vcb * i for i in [0.0531,-0.201,0.0007]]"
    abcderr: "[_eta_ew * Vcb * i for i in _a_err+_b_err+_c_err+_d_err]"
    abcdmat: gen_param_shifted_BtoDstarBGL(_process, _model, _corr, avec, bvec, cvec, dvec, _a_err, _b_err, _c_err, _d_err, _eta_ew*Vcb)
    # abcdmat: "gen_param_var(_process, _model, _corr, abcderr, _param_names, {})"
    # temp vars
    _process: BtoD*
    _model: BGL
    _eta_ew: 1.0066
    _a_err: [0.0010,0.031,0.20]
    _b_err: [0.00022,0.0043,0.11]
    _c_err: [0.00086,0.026,0.48]
    _d_err: [0.0014,0.042,0.898]
    # Tab. XXII, from 2105.14019, v3
    _corr: # rows/columns: [a0,a1,a2,b0,b1,b2,c1,c2,c3,d0,d1,d2]
        - [1.0, -0.7599, -0.5627, 0.2738, -0.1778, 0.3538, 0.0343, 0.243, -0.2259, 0.4141, -0.2205, 0.0184]
        - [-0.7599, 1.0, 0.6438, 0.1513, 0.254, -0.5784, 0.162, -0.3776, 0.2823, -0.0576, 0.2863, -0.0375]
        - [-0.5627, 0.6438, 1.0, 0.1447, -0.1901, -0.0114, -0.1592, 0.268, -0.2408, -0.0202, 0.1766, -0.0274]
        - [0.2738, 0.1513, 0.1447, 1.0, -0.0225, -0.0603, 0.0133, -0.048, 0.0328, 0.6919, 0.0079, -0.0148]
        - [-0.1778, 0.254, -0.1901, -0.0225, 1.0, -0.5469, 0.571, -0.2037, -0.0738, -0.1106, 0.3446, -0.0457]
        - [0.3538, -0.5784, -0.0114, -0.0603, -0.5469, 1.0, -0.2273, 0.144, -0.0042, 0.0783, -0.3068, 0.0546]
        - [0.0343, 0.162, -0.1592, 0.0133, 0.571, -0.2273, 1.0, -0.4374, -0.1531, 0.1385, 0.2521, -0.0586]
        - [0.243, -0.3776, 0.268, -0.048, -0.2037, 0.144, -0.4374, 1.0, -0.7767, -0.0545, 0.0069, -0.0061]
        - [-0.2259, 0.2823, -0.2408, 0.0328, -0.0738, -0.0042, -0.1531, -0.7767, 1.0, -0.0352, -0.1522, 0.0546]
        - [0.4141, -0.0576, -0.0202, 0.6919, -0.1106, 0.0783, 0.1385, -0.0545, -0.0352, 1.0, -0.3795, 0.011]
        - [-0.2205, 0.2863, 0.1766, 0.0079, 0.3446, -0.3068, 0.2521, 0.0069, -0.1522, -0.3795, 1.0, -0.4181]
        - [0.0184, -0.0375, -0.0274, -0.0148, -0.0457, 0.0546, -0.0586, -0.0061, 0.0546, 0.011, -0.4181, 1.0]
    _param_names: ['a0', 'a1', 'a2', 'b0', 'b1', 'b2', 'c1', 'c2', 'c3', 'd0', 'd1', 'd2']


BtoD0starBLRVar:
    # from 1711.03110 (HAMMER default), NOT 1606.09300 (used for run1)
    as: 0.26
    mb: 4.710
    mc: 4.710 - 3.400
    zt1: 0.7
    ztp: 0.2
    zeta1: 0.6
    # ztp: 0.2 -0.6*2*1.4
    # zeta1: 0.6 + 2.3*2*0.3
    ####
    chi1: 0.
    chi2: 0.
    laB: 0.4
    laS: 0.76

    # note: variations are multiplied by 2 (in all entries) wrt to what would nominally be calculated from
    # paper values; do not fully trust the paper constraints
    sliwmat: gen_param_shifted_BtoDstarstarBLR(_process, _model, _corr, [ztp,zeta1], _err, _param_names)
    # sliwmat: gen_param_shifted_BtoDstarstarBLR(_process, _model, _corr, [zt1,ztp,zeta1], _err, _param_names)
    # sliwmat: gen_param_var(_process, _model, _corr, _err, _param_names, {})

    _process: BtoD0*
    _model: BLR
    _corr: # rows/cols [ztp, zeta1]
        - [1,0]
        - [0,1]
    # _corr: # rows/cols [zt1, ztp, zeta1]
    #     - [1, -0.95, -0.44]
    #     - [-0.95, 1, 0.61]
    #     - [-0.44, 0.61, 1]
    _err: [1.4, 0.3]
    # _err: [0.21, 1.4, 0.3]
    _param_names: ['ztp', 'zeta1']
    # _param_names: ['zt1', 'ztp', 'zeta1']

BtoD1starBLRVar:
    # from 1711.03110 (HAMMER default), NOT 1606.09300 (used for run1); identical to D0*
    as: 0.26
    mb: 4.710
    mc: 4.710 - 3.400
    zt1: 0.7
    ztp: 0.2
    zeta1: 0.6
    # ztp: 0.2 -0.6*2*1.4
    # zeta1: 0.6 + 2.3*2*0.3
    ####
    chi1: 0.
    chi2: 0.
    laB: 0.4
    laS: 0.76

    sliwmat: gen_param_shifted_BtoDstarstarBLR(_process, _model, _corr, [ztp,zeta1], _err, _param_names)
    # sliwmat: gen_param_shifted_BtoDstarstarBLR(_process, _model, _corr, [zt1,ztp,zeta1], _err, _param_names)
    # sliwmat: gen_param_var(_process, _model, _corr, _err, _param_names, {})

    _process: BtoD1*
    _model: BLR
    _corr: # rows/cols [ztp, zeta1]
        - [1,0]
        - [0,1]
    # _corr: # rows/cols [zt1, ztp, zeta1]
    #     - [1, -0.95, -0.44]
    #     - [-0.95, 1, 0.61]
    #     - [-0.44, 0.61, 1]
    _err: [1.4, 0.3]
    # _err: [0.21, 1.4, 0.3]
    _param_names: ['ztp', 'zeta1']
    # _param_names: ['zt1', 'ztp', 'zeta1']

BtoD1BLRVar:
    # from 1711.03110 (HAMMER default), NOT 1606.09300
    as: 0.26
    mb: 4.710
    mc: 4.710 - 3.400
    t1: 0.7
    tp: -1.6
    tau1: -0.5
    tau2: 2.9
    # tp: -1.6 + 2*2*0.2
    # tau1: -0.5 + 3*2*0.3
    # tau2: 2.9 - 1.3*2*1.4
    ####
    eta1: 0.
    eta2: 0.
    eta3: 0.
    laB: 0.4
    laP: 0.8

    sliwmat: gen_param_shifted_BtoDstarstarBLR(_process, _model, _corr, [tp,tau1,tau2], _err, _param_names)
    # sliwmat: gen_param_shifted_BtoDstarstarBLR(_process, _model, _corr, [t1,tp,tau1,tau2], _err, _param_names)
    # sliwmat: gen_param_var(_process, _model, _corr, _err, _param_names, {})

    _process: BtoD1
    _model: BLR
    _corr: # rows/cols [tp, tau1, tau2]
        - [1,0,0]
        - [0,1,0]
        - [0,0,1]
    # _corr: # rows/cols [t1, tp, tau1, tau2]
    #     - [1,-0.85,0.53,-0.49]
    #     - [-0.85,1,-0.17,0.086]
    #     - [0.53,-0.17,1,-0.89]
    #     - [-0.49,0.086,-0.89,1]
    _err: [0.2,0.3,1.4]
    # _err: [0.07,0.2,0.3,1.4]
    _param_names: ['tp', 'tau1', 'tau2']
    # _param_names: ['t1', 'tp', 'tau1', 'tau2']

BtoD2starBLRVar:
    # from 1711.03110 (HAMMER default), NOT 1606.09300; identical to D1
    as: 0.26
    mb: 4.710
    mc: 4.710 - 3.400
    t1: 0.7
    tp: -1.6
    tau1: -0.5
    tau2: 2.9
    # tp: -1.6 + 2*2*0.2
    # tau1: -0.5 + 3*2*0.3
    # tau2: 2.9 - 1.3*2*1.4
    ####
    eta1: 0.
    eta2: 0.
    eta3: 0.
    laB: 0.4
    laP: 0.8

    sliwmat: gen_param_shifted_BtoDstarstarBLR(_process, _model, _corr, [tp,tau1,tau2], _err, _param_names)
    # sliwmat: gen_param_shifted_BtoDstarstarBLR(_process, _model, _corr, [t1,tp,tau1,tau2], _err, _param_names)
    # sliwmat: gen_param_var(_process, _model, _corr, _err, _param_names, {})

    _process: BtoD2star
    _model: BLR
    # _corr: # rows/cols [t1, tp, tau1, tau2]
    #     - [1,-0.85,0.53,-0.49]
    #     - [-0.85,1,-0.17,0.086]
    #     - [0.53,-0.17,1,-0.89]
    #     - [-0.49,0.086,-0.89,1]
    _corr: # rows/cols [tp, tau1, tau2]
        - [1,0,0]
        - [0,1,0]
        - [0,0,1]
    _err: [0.2,0.3,1.4]
    # _err: [0.07,0.2,0.3,1.4]
    _param_names: ['tp', 'tau1', 'tau2']
    # _param_names: ['t1', 'tp', 'tau1', 'tau2']
